3 26 3

0.0808 0.0167 0.0318 0.0399 0.1256 0.0217 0.0180 0.0527 0.0724 0.0014 0.0063 0.0404 0.0260 0.0738 0.0747 0.0191 0.0009 0.0642 0.0659 0.0915 0.0279 0.0100 0.0189 0.0021 0.0165 0.0007

1 0 0

0.0840 0.0106 0.0303 0.0418 0.1726 0.0112 0.0127 0.0092 0.0734 0.0031 0.0005 0.0601	0.0296 0.0713 0.0526 0.0301 0.0099 0.0655 0.0808 0.0707 0.0574 0.0132 0.0004 0.0045 0.0030 0.0012

0 1 0

0.1230 0.0103 0.0449 0.0504 0.1369 0.0077 0.0104 0.0065 0.0778 0.0028 0.0002 0.0584 0.0284 0.0741 0.0868 0.0263 0.0102 0.0644 0.0697 0.0482 0.0399 0.0104 0.0002 0.0016 0.0066 0.0034

0 0 1